300
200
100
794
1 224
2 292
3 233
4 271
5 219
6 221
7 265
8 281
9 203
10 300
11 225
12 256
13 219
14 244
15 280
16 228
201 205
201 57
201 223
201 169
17 293
18 228
19 205
20 209
21 249
22 250
23 259
24 281
25 269
26 266
202 197
202 264
202 76
202 268
202 54
203 283
203 100
203 270
203 258
203 48
203 9
204 234
204 128
204 43
204 258
204 103
205 253
205 254
205 19
205 217
205 219
205 271
205 113
205 201
206 234
206 296
206 121
206 298
207 254
207 214
207 232
207 298
207 269
207 234
207 236
207 83
207 280
208 234
208 294
209 292
209 125
209 20
209 195
209 91
209 81
209 262
209 79
209 211
209 241
210 292
210 39
210 266
210 298
210 250
210 270
210 118
210 262
210 211
211 234
211 264
211 297
211 47
211 224
211 110
211 116
211 209
211 210
27 218
28 220
29 292
30 220
31 243
32 226
33 232
34 290
35 252
36 289
37 248
38 217
39 210
40 282
41 234
42 233
43 204
44 235
45 249
46 280
47 211
48 203
49 252
50 247
51 255
52 296
53 273
54 202
55 243
56 241
57 201
58 235
59 292
60 274
61 213
62 236
63 230
64 265
65 269
66 279
67 294
68 233
69 233
70 236
71 264
72 261
73 246
74 227
75 300
76 202
77 259
78 292
79 209
80 248
81 209
82 258
83 207
84 298
85 272
86 266
87 300
88 273
89 223
90 247
91 209
92 266
93 234
94 219
95 290
96 229
97 262
212 295
212 287
212 298
212 267
212 227
212 230
212 215
212 258
212 192
212 271
212 221
212 241
213 188
213 107
213 270
213 235
213 151
213 61
214 207
214 240
215 212
215 276
216 266
216 258
217 245
217 38
217 258
217 235
217 205
217 229
218 27
218 294
218 114
218 298
219 243
219 101
219 94
219 205
219 13
219 5
220 274
220 28
220 30
220 233
220 298
221 212
221 6
221 288
221 143
221 146
221 198
221 120
98 298
99 288
100 203
101 219
102 285
103 204
104 300
105 287
106 230
107 213
108 263
109 294
110 211
111 280
112 267
113 205
222 234
222 248
223 161
223 89
223 275
223 234
223 271
223 201
224 1
224 187
224 266
224 211
225 11
225 268
225 288
226 185
226 255
226 278
226 32
227 212
227 275
227 74
227 272
227 166
228 18
228 258
228 142
228 234
228 158
228 16
229 274
229 217
229 96
230 212
230 63
230 106
230 240
230 135
231 292
231 266
232 138
232 33
232 193
232 235
232 207
232 199
233 3
233 267
233 68
233 69
233 220
233 42
233 170
233 279
234 222
234 223
234 247
234 248
234 298
234 250
234 204
234 278
234 206
234 207
234 228
234 211
234 265
234 270
234 93
234 291
234 276
234 290
234 273
234 253
234 208
234 258
234 252
234 237
234 41
234 261
234 241
235 213
235 232
235 217
235 288
235 293
235 248
235 58
235 44
235 258
236 62
236 191
236 298
236 70
236 207
236 123
237 234
237 176
237 289
238 297
238 194
238 167
238 252
238 133
238 182
239 136
239 246
239 288
239 126
239 290
239 261
240 243
240 283
240 214
240 148
240 242
240 270
240 260
240 230
240 248
241 212
241 244
241 284
241 257
241 56
241 234
241 117
241 209
241 261
114 218
115 266
116 211
117 241
118 210
119 266
120 221
121 206
122 266
123 236
124 245
125 209
126 239
127 284
128 204
129 252
130 278
131 265
132 267
133 238
134 298
135 230
242 140
242 240
242 261
136 239
137 299
138 232
139 271
140 242
141 263
142 228
143 221
144 255
243 265
243 31
243 55
243 269
243 150
243 219
243 240
244 14
244 298
244 241
245 184
245 124
245 217
245 268
246 274
246 73
246 239
247 90
247 234
247 286
247 298
247 50
248 293
248 222
248 252
248 287
248 289
248 300
248 291
248 37
248 281
248 234
248 256
248 261
248 268
248 80
248 235
248 240
249 270
249 264
249 21
249 45
250 234
250 22
250 210
251 266
251 297
251 260
252 49
252 263
252 248
252 234
252 35
252 129
252 238
145 286
146 221
253 234
253 205
254 205
254 207
255 226
255 257
255 144
255 51
255 281
256 12
256 248
256 273
257 282
257 255
257 183
257 298
257 241
258 284
258 203
258 298
258 204
258 228
258 294
258 212
258 216
258 217
258 234
258 235
258 82
259 157
259 264
259 162
259 23
259 270
259 77
260 251
260 240
261 266
261 248
261 242
261 234
261 72
261 239
261 181
261 241
262 177
262 152
262 209
262 210
262 97
263 108
263 252
263 298
263 141
264 268
264 202
264 259
264 249
264 299
264 71
264 296
264 211
264 298
264 281
265 243
265 64
265 189
265 7
265 234
265 131
266 115
266 224
266 251
266 119
266 122
266 231
266 216
266 261
266 210
266 92
266 26
266 86
267 212
267 112
267 233
267 132
268 245
268 295
268 202
268 248
268 225
268 264
269 243
269 65
269 25
269 207
269 171
269 281
270 294
270 203
270 249
270 289
270 275
270 210
270 213
270 190
270 259
270 234
270 298
270 240
271 223
271 212
271 4
271 298
271 139
271 274
271 205
271 277
271 200
271 280
147 274
148 240
149 292
150 243
151 213
152 262
153 289
154 289
155 274
156 298
157 259
158 228
159 289
160 293
161 223
162 259
163 298
164 299
165 291
166 227
167 238
168 296
169 201
170 233
171 269
172 286
272 227
272 85
272 288
273 234
273 53
273 291
273 88
273 256
274 246
274 147
274 288
274 220
274 271
274 229
274 155
274 60
275 270
275 227
275 223
276 234
276 294
276 215
277 271
277 295
278 234
278 175
278 226
278 130
278 289
279 294
279 66
279 233
279 289
280 174
280 271
280 207
280 111
280 15
280 46
281 255
281 248
281 269
281 24
281 8
281 264
282 40
282 257
282 298
283 203
283 240
284 127
284 258
284 241
285 178
285 102
285 297
285 298
286 145
286 186
286 247
286 298
286 172
287 212
287 248
287 105
288 299
288 99
288 235
288 298
288 221
288 274
288 225
288 272
288 239
289 159
289 237
289 248
289 270
289 278
289 36
289 153
289 154
289 279
290 234
290 95
290 239
290 34
291 165
291 234
291 248
291 273
173 292
174 280
175 278
176 237
177 262
178 285
179 298
180 296
181 261
182 238
183 257
184 245
185 226
186 286
187 224
188 213
189 265
190 270
191 236
192 212
193 232
194 238
195 209
292 2
292 29
292 173
292 78
292 149
292 59
292 209
292 210
292 231
293 17
293 235
293 160
293 248
294 67
294 218
294 270
294 276
294 109
294 208
294 279
294 258
295 212
295 277
295 268
296 264
296 180
296 168
296 52
296 206
297 251
297 285
297 238
297 298
297 211
298 244
298 247
298 163
298 98
298 300
298 206
298 207
298 179
298 210
298 156
298 234
298 264
298 270
298 271
298 297
298 282
298 134
298 285
298 286
298 288
298 263
298 212
298 257
298 258
298 218
298 220
298 236
298 84
196 300
299 137
299 264
299 288
299 164
300 248
300 298
300 196
300 104
300 10
300 75
300 87
197 202
198 221
199 232
200 271
